1763707172422 0.6023391812865497 0
1763707173460 0.6900584795321637 1
1763707174455 0.7309941520467836 2
1763707175380 0.6666666666666666 3
1763707176257 0.7251461988304093 4
1763707177175 0.7134502923976608 5
1763707178300 0.7192982456140351 6
1763707179230 0.7543859649122807 7
1763707180267 0.7309941520467836 8
1763707181042 0.7602339181286549 9
1763707181753 0.7602339181286549 10
1763707182597 0.7134502923976608 11
1763707183529 0.783625730994152 12
1763707184273 0.8070175438596491 13
1763707185209 0.8187134502923976 14
1763707186065 0.8128654970760234 15
1763707186935 0.8596491228070176 16
1763707187855 0.847953216374269 17
1763707188788 0.8713450292397661 18
1763707189685 0.8245614035087719 19
1763707190461 0.8830409356725146 20
1763707191343 0.8771929824561403 21
1763707192070 0.8888888888888888 22
1763707192963 0.8245614035087719 23
1763707193676 0.9064327485380117 24
1763707194653 0.9064327485380117 25
1763707195418 0.9122807017543859 26
1763707196375 0.9064327485380117 27
1763707197146 0.9122807017543859 28
1763707197917 0.9005847953216374 29
1763707172422 0.6023391812865497 0
