1763707172415 0.6327639751552795 0
1763707173451 0.6784161490683229 1
1763707174451 0.6984472049689441 2
1763707175375 0.7015527950310559 3
1763707176254 0.7436335403726708 4
1763707177171 0.7728260869565218 5
1763707178297 0.7718944099378882 6
1763707179222 0.787888198757764 7
1763707180263 0.8010869565217391 8
1763707181036 0.8110248447204969 9
1763707181749 0.8046583850931677 10
1763707182593 0.8321428571428571 11
1763707183527 0.8467391304347825 12
1763707184270 0.847360248447205 13
1763707185206 0.8582298136645964 14
1763707186061 0.8734472049689441 15
1763707186931 0.8798136645962732 16
1763707187852 0.8927018633540372 17
1763707188783 0.9052795031055901 18
1763707189682 0.9020186335403726 19
1763707190455 0.9131987577639752 20
1763707191337 0.9099378881987578 21
1763707192067 0.908695652173913 22
1763707192960 0.9145962732919255 23
1763707193670 0.9183229813664596 24
1763707194647 0.9229813664596274 25
1763707195411 0.9273291925465837 26
1763707196373 0.9246894409937889 27
1763707197140 0.9285714285714285 28
1763707197912 0.9259316770186335 29
1763707172415 0.6327639751552795 0
