1763707172429 0.45161290322580644 0
1763707173468 0.4536082474226804 1
1763707174459 0.4523809523809524 2
1763707175384 0.45714285714285713 3
1763707176261 0.4946236559139785 4
1763707177179 0.5950413223140496 5
1763707178305 0.5471698113207547 6
1763707179236 0.631578947368421 7
1763707180269 0.6166666666666667 8
1763707181047 0.6371681415929203 9
1763707181758 0.6238532110091743 10
1763707182601 0.631578947368421 11
1763707183533 0.6782608695652174 12
1763707184277 0.7027027027027027 13
1763707185212 0.7102803738317757 14
1763707186070 0.7377049180327869 15
1763707186939 0.7446808510638298 16
1763707187863 0.7111111111111111 17
1763707188792 0.7843137254901961 18
1763707189688 0.7580645161290323 19
1763707190468 0.8148148148148148 20
1763707191346 0.7835051546391752 21
1763707192073 0.8155339805825242 22
1763707192967 0.7580645161290323 23
1763707193682 0.8431372549019608 24
1763707194657 0.8431372549019608 25
1763707195423 0.8514851485148515 26
1763707196380 0.8431372549019608 27
1763707197157 0.8514851485148515 28
1763707197923 0.8349514563106796 29
1763707172429 0.45161290322580644 0
