1763707172439 0.970232238372167 0
1763707173474 0.9007742578784624 1
1763707174462 0.8566711619496346 2
1763707175391 0.8968008185426394 3
1763707176264 0.8189223657051722 4
1763707177184 0.8175685393313566 5
1763707178309 0.7374195208152136 6
1763707179240 0.6854002084583044 7
1763707180272 0.6736266749600569 8
1763707181050 0.621938685576121 9
1763707181762 0.5943577301998934 10
1763707182606 0.5212317028393348 11
1763707183535 0.5399447018280625 12
1763707184280 0.41345325112342834 13
1763707185215 0.3884420584266384 14
1763707186077 0.3864099582036336 15
1763707186945 0.3247229754924774 16
1763707187867 0.25230310515811044 17
1763707188794 0.24768433487042785 18
1763707189693 0.18390348592462638 19
1763707190473 0.16941966015535095 20
1763707191349 0.24762559200947484 21
1763707192076 0.13777370564639568 22
1763707192970 0.09370078713012238 23
1763707193686 0.08940967434318736 24
1763707194661 0.04725073838684087 25
1763707195427 0.048220297638181364 26
1763707196383 0.04641002154676244 27
1763707197164 0.03497461955218265 28
1763707197927 0.028051123217058677 29
1763707172439 0.970232238372167 0
