1763704568761 0.8 0
1763704569430 0.8117647058823529 1
1763704570212 0.8117647058823529 2
1763704570892 0.8176470588235294 3
1763704571547 0.8117647058823529 4
1763704572324 0.8058823529411765 5
1763704573092 0.8117647058823529 6
1763704573839 0.8117647058823529 7
1763704574594 0.8176470588235294 8
1763704575410 0.8058823529411765 9
1763704576280 0.8235294117647058 10
1763704577257 0.8176470588235294 11
1763704578180 0.8176470588235294 12
1763704579082 0.788235294117647 13
1763704580116 0.8058823529411765 14
1763704581037 0.8117647058823529 15
1763704581874 0.7823529411764706 16
1763704582719 0.8058823529411765 17
1763704583670 0.8058823529411765 18
1763704584638 0.8176470588235294 19
1763704568761 0.8 0
