1763704568757 0.5641966250917094 0
1763704569425 0.5925654194179506 1
1763704570206 0.6133528980190757 2
1763704570888 0.6316947909024211 3
1763704571544 0.6549278552213256 4
1763704572319 0.6752262166788946 5
1763704573089 0.6852531181217902 6
1763704573835 0.7065297138664709 7
1763704574591 0.7155783810222549 8
1763704575406 0.7226705796038151 9
1763704576273 0.7334311567620446 10
1763704577251 0.7309855710442651 11
1763704578173 0.7292736610418196 12
1763704579078 0.7040841281486916 13
1763704580111 0.7275617510393738 14
1763704581032 0.7336757153338225 15
1763704581870 0.731230129616043 16
1763704582715 0.7483492296404989 17
1763704583665 0.7468818782098312 18
1763704584632 0.7566642210809489 19
1763704568757 0.5641966250917094 0
