1763704568764 0.2608695652173913 0
1763704569435 0.1111111111111111 1
1763704570218 0.1111111111111111 2
1763704570896 0.06060606060606061 3
1763704571550 0.15789473684210525 4
1763704572328 0.10810810810810811 5
1763704573095 0.2 6
1763704573844 0.2727272727272727 7
1763704574597 0.24390243902439024 8
1763704575416 0.23255813953488372 9
1763704576286 0.34782608695652173 10
1763704577263 0.3404255319148936 11
1763704578186 0.3673469387755102 12
1763704579087 0.3793103448275862 13
1763704580120 0.42105263157894735 14
1763704581043 0.4482758620689655 15
1763704581879 0.4126984126984127 16
1763704582724 0.45901639344262296 17
1763704583677 0.4406779661016949 18
1763704584643 0.4745762711864407 19
1763704568764 0.2608695652173913 0
