1763704568768 0.654209241271019 0
1763704569440 0.6432834044098854 1
1763704570222 0.6210067880650362 2
1763704570899 0.5949642099440098 3
1763704571553 0.5968633145093918 4
1763704572334 0.5856266456345717 5
1763704573099 0.5816861192385355 6
1763704573849 0.5562755564848582 7
1763704574600 0.5506990930686394 8
1763704575421 0.5094683064768711 9
1763704576291 0.5387486908584833 10
1763704577269 0.5289686049024264 11
1763704578192 0.5255998931825161 12
1763704579092 0.5043140314519405 13
1763704580124 0.5111201393107573 14
1763704581048 0.5010882305602232 15
1763704581883 0.4744463997582595 16
1763704582730 0.4456200810770194 17
1763704583683 0.4383450262248516 18
1763704584647 0.3976114299148321 19
1763704568768 0.654209241271019 0
