1763707259731 0.543859649122807 0
1763707260509 0.6023391812865497 1
1763707261455 0.5847953216374269 2
1763707262467 0.6374269005847953 3
1763707263371 0.6257309941520468 4
1763707264375 0.6491228070175439 5
1763707265195 0.6140350877192983 6
1763707265991 0.695906432748538 7
1763707266785 0.7192982456140351 8
1763707267624 0.7134502923976608 9
1763707268597 0.7309941520467836 10
1763707269541 0.7368421052631579 11
1763707270261 0.7076023391812866 12
1763707271238 0.7368421052631579 13
1763707272175 0.7485380116959064 14
1763707273071 0.7602339181286549 15
1763707274108 0.7602339181286549 16
1763707274826 0.7777777777777778 17
1763707275717 0.7777777777777778 18
1763707276451 0.7777777777777778 19
1763707277263 0.7894736842105263 20
1763707277980 0.7719298245614035 21
1763707278753 0.8011695906432749 22
1763707279427 0.7719298245614035 23
1763707280233 0.7894736842105263 24
1763707280967 0.7719298245614035 25
1763707281773 0.7894736842105263 26
1763707282408 0.7953216374269005 27
1763707283149 0.8187134502923976 28
1763707283938 0.8070175438596491 29
1763707259731 0.543859649122807 0
