1763707259728 0.5813664596273292 0
1763707260502 0.6181677018633541 1
1763707261452 0.6468944099378882 2
1763707262462 0.6559006211180125 3
1763707263365 0.66055900621118 4
1763707264372 0.6745341614906832 5
1763707265191 0.674223602484472 6
1763707265988 0.7066770186335404 7
1763707266780 0.7211180124223602 8
1763707267620 0.7218944099378881 9
1763707268593 0.7340062111801242 10
1763707269537 0.7523291925465838 11
1763707270258 0.7698757763975155 12
1763707271235 0.7645962732919254 13
1763707272172 0.7888198757763976 14
1763707273063 0.776863354037267 15
1763707274105 0.7822981366459628 16
1763707274821 0.8086956521739129 17
1763707275713 0.8293478260869566 18
1763707276448 0.8419254658385092 19
1763707277258 0.8281055900621117 20
1763707277976 0.8413043478260869 21
1763707278749 0.8591614906832298 22
1763707279421 0.8672360248447205 23
1763707280230 0.8600931677018633 24
1763707280962 0.8513975155279503 25
1763707281769 0.861335403726708 26
1763707282404 0.8661490683229813 27
1763707283146 0.878416149068323 28
1763707283933 0.8830745341614907 29
1763707259728 0.5813664596273292 0
