1763707259735 0.44285714285714284 0
1763707260516 0.4426229508196721 1
1763707261459 0.5234899328859061 2
1763707262471 0.515625 3
1763707263375 0.5151515151515151 4
1763707264379 0.5588235294117647 5
1763707265198 0.5657894736842105 6
1763707265995 0.5357142857142857 7
1763707266790 0.5636363636363636 8
1763707267628 0.6016260162601627 9
1763707268599 0.5660377358490566 10
1763707269544 0.5871559633027523 11
1763707270264 0.5833333333333334 12
1763707271241 0.5631067961165048 13
1763707272180 0.5825242718446602 14
1763707273077 0.5060240963855421 15
1763707274112 0.4533333333333333 16
1763707274828 0.5581395348837209 17
1763707275719 0.5681818181818182 18
1763707276455 0.6545454545454545 19
1763707277266 0.5909090909090909 20
1763707277985 0.5411764705882353 21
1763707278756 0.6222222222222222 22
1763707279432 0.6060606060606061 23
1763707280236 0.6170212765957447 24
1763707280970 0.6285714285714286 25
1763707281775 0.6 26
1763707282411 0.6153846153846154 27
1763707283152 0.651685393258427 28
1763707283942 0.6666666666666666 29
1763707259735 0.44285714285714284 0
