1763707259738 1.0078466460108757 0
1763707260524 0.8955801551540693 1
1763707261462 0.9212996934851011 2
1763707262476 0.8301998016734918 3
1763707263378 0.9047168667117754 4
1763707264383 0.7964485697448254 5
1763707265200 0.8184153586626053 6
1763707265999 0.6984613413612047 7
1763707266795 0.6666659029821554 8
1763707267632 0.6308671347796917 9
1763707268603 0.5523188126583894 10
1763707269547 0.601052371164163 11
1763707270267 0.5153352903823057 12
1763707271243 0.4520279827217261 13
1763707272183 0.3817064988737305 14
1763707273086 0.33304011177582044 15
1763707274114 0.31288399019589025 16
1763707274832 0.2283347217986981 17
1763707275723 0.20192264781023064 18
1763707276457 0.17041737120598555 19
1763707277269 0.19275572492430607 20
1763707277988 0.13987952276753882 21
1763707278759 0.09497176417304824 22
1763707279438 0.0771999671511973 23
1763707280239 0.08186379304000486 24
1763707280976 0.10564872438165669 25
1763707281777 0.052808205218752846 26
1763707282415 0.053492391016334295 27
1763707283155 0.030654405437720317 28
1763707283947 0.03682626614560528 29
1763707259738 1.0078466460108757 0
