1763706538488 0.672514619883041 0
1763706539254 0.6608187134502924 1
1763706539941 0.6608187134502924 2
1763706540614 0.6608187134502924 3
1763706541236 0.6608187134502924 4
1763706542038 0.6666666666666666 5
1763706542856 0.6608187134502924 6
1763706543765 0.6608187134502924 7
1763706544559 0.6666666666666666 8
1763706545457 0.6666666666666666 9
1763706546209 0.6666666666666666 10
1763706547085 0.6666666666666666 11
1763706547741 0.672514619883041 12
1763706548528 0.695906432748538 13
1763706549190 0.695906432748538 14
1763706549925 0.695906432748538 15
1763706550718 0.6842105263157895 16
1763706551341 0.6842105263157895 17
1763706552066 0.6842105263157895 18
1763706552668 0.6900584795321637 19
1763706538488 0.672514619883041 0
