1763706538482 0.5322981366459627 0
1763706539250 0.546583850931677 1
1763706539936 0.5659937888198758 2
1763706540611 0.5791925465838509 3
1763706541232 0.5950310559006211 4
1763706542035 0.6096273291925466 5
1763706542852 0.6194099378881988 6
1763706543762 0.6212732919254659 7
1763706544555 0.6288819875776397 8
1763706545454 0.6394409937888199 9
1763706546206 0.6470496894409937 10
1763706547082 0.6520186335403727 11
1763706547737 0.6599378881987578 12
1763706548523 0.6681677018633541 13
1763706549187 0.6978260869565217 14
1763706549921 0.7003105590062112 15
1763706550714 0.7166149068322982 16
1763706551338 0.7260869565217392 17
1763706552063 0.7414596273291926 18
1763706552665 0.7402173913043478 19
1763706538482 0.5322981366459627 0
