1763706538496 0.0967741935483871 0
1763706539257 0.0 1
1763706539945 0.0 2
1763706540617 0.0 3
1763706541240 0.0 4
1763706542041 0.03389830508474576 5
1763706542860 0.03333333333333333 6
1763706543769 0.03333333333333333 7
1763706544562 0.09523809523809523 8
1763706545465 0.06557377049180328 9
1763706546212 0.12307692307692308 10
1763706547089 0.19718309859154928 11
1763706547744 0.2222222222222222 12
1763706548533 0.2972972972972973 13
1763706549193 0.3157894736842105 14
1763706549928 0.3157894736842105 15
1763706550722 0.3076923076923077 16
1763706551344 0.2894736842105263 17
1763706552069 0.2894736842105263 18
1763706552671 0.3614457831325301 19
1763706538496 0.0967741935483871 0
