1763706538502 0.6615521435936292 0
1763706539260 0.6007057689130306 1
1763706539950 0.582737443347772 2
1763706540619 0.5834141770998637 3
1763706541244 0.5672129802405834 4
1763706542044 0.5682892203330994 5
1763706542863 0.5180037251363198 6
1763706543772 0.5315748291711012 7
1763706544565 0.5436650340755781 8
1763706545473 0.5076066007216772 9
1763706546215 0.5320787951350212 10
1763706547092 0.5740666712323824 11
1763706547747 0.4903300354878108 12
1763706548537 0.4663121420890093 13
1763706549196 0.4899922174712022 14
1763706549931 0.44071827828884125 15
1763706550726 0.4238706963757674 16
1763706551348 0.4256822601892054 17
1763706552071 0.4146942123770714 18
1763706552675 0.4219322397063176 19
1763706538502 0.6615521435936292 0
