1763704676139 0.788235294117647 0
1763704676835 0.8058823529411765 1
1763704677421 0.8 2
1763704678008 0.8 3
1763704678768 0.8 4
1763704679602 0.8058823529411765 5
1763704680527 0.8117647058823529 6
1763704681353 0.8235294117647058 7
1763704682196 0.8411764705882353 8
1763704683116 0.8352941176470589 9
1763704683970 0.8411764705882353 10
1763704684866 0.8294117647058824 11
1763704685687 0.8470588235294118 12
1763704686472 0.8352941176470589 13
1763704687201 0.8411764705882353 14
1763704688028 0.8529411764705882 15
1763704688790 0.8470588235294118 16
1763704689715 0.8588235294117647 17
1763704690498 0.8529411764705882 18
1763704691347 0.8764705882352941 19
1763704676139 0.788235294117647 0
