1763704676134 0.714844705306921 0
1763704676831 0.740034238200049 1
1763704677418 0.7505502567865003 2
1763704678005 0.7686475910980679 3
1763704678762 0.7867449254096356 4
1763704679596 0.8006847640009782 5
1763704680520 0.8119344583027636 6
1763704681350 0.822695035460993 7
1763704682189 0.8270970897529959 8
1763704683112 0.8253851797505503 9
1763704683966 0.8268525311812178 10
1763704684863 0.8366348740523355 11
1763704685682 0.8422597212032282 12
1763704686468 0.8327219369038885 13
1763704687195 0.8459280997798974 14
1763704688025 0.8679383712399119 15
1763704688787 0.8571777940816826 16
1763704689711 0.8686720469552458 17
1763704690492 0.8713621912448032 18
1763704691344 0.8786989483981413 19
1763704676134 0.714844705306921 0
