1763704676143 0.3076923076923077 0
1763704676838 0.1951219512195122 1
1763704677425 0.10526315789473684 2
1763704678011 0.10526315789473684 3
1763704678773 0.10526315789473684 4
1763704679609 0.15384615384615385 5
1763704680534 0.15789473684210525 6
1763704681357 0.3181818181818182 7
1763704682202 0.4489795918367347 8
1763704683120 0.4166666666666667 9
1763704683973 0.47058823529411764 10
1763704684869 0.4727272727272727 11
1763704685692 0.5185185185185185 12
1763704686478 0.5625 13
1763704687207 0.5846153846153846 14
1763704688032 0.576271186440678 15
1763704688793 0.59375 16
1763704689719 0.6129032258064516 17
1763704690505 0.5901639344262295 18
1763704691350 0.631578947368421 19
1763704676143 0.3076923076923077 0
