1763704676148 0.6795787687102953 0
1763704676842 0.6207906417548656 1
1763704677429 0.6148032024502754 2
1763704678014 0.5843024564286073 3
1763704678779 0.6018243134021759 4
1763704679616 0.5655426283677419 5
1763704680540 0.5455454401671886 6
1763704681360 0.5862396682302157 7
1763704682208 0.5551005018254122 8
1763704683126 0.5480473414063454 9
1763704683975 0.5294437073171139 10
1763704684873 0.5252387101451556 11
1763704685695 0.5114962533116341 12
1763704686484 0.4987534334262212 13
1763704687213 0.5012246270974478 14
1763704688036 0.5028683356940746 15
1763704688796 0.45304761081933975 16
1763704689724 0.45616304501891136 17
1763704690511 0.4216709549849232 18
1763704691353 0.3985219858586788 19
1763704676148 0.6795787687102953 0
