1763705786659 0.6257309941520468 0
1763705787249 0.6666666666666666 1
1763705787903 0.6666666666666666 2
1763705788625 0.6608187134502924 3
1763705789338 0.6666666666666666 4
1763705790084 0.6608187134502924 5
1763705790865 0.672514619883041 6
1763705791638 0.6666666666666666 7
1763705792571 0.672514619883041 8
1763705793399 0.6666666666666666 9
1763705794136 0.6842105263157895 10
1763705795049 0.6783625730994152 11
1763705795844 0.6900584795321637 12
1763705796570 0.7017543859649122 13
1763705797450 0.695906432748538 14
1763705798214 0.7134502923976608 15
1763705799077 0.7251461988304093 16
1763705800041 0.7192982456140351 17
1763705800721 0.7134502923976608 18
1763705801500 0.7251461988304093 19
1763705786659 0.6257309941520468 0
