1763705786656 0.507919254658385 0
1763705787246 0.5329192546583851 1
1763705787897 0.5605590062111802 2
1763705788620 0.5720496894409939 3
1763705789332 0.5956521739130435 4
1763705790078 0.611335403726708 5
1763705790862 0.6296583850931677 6
1763705791633 0.6422360248447205 7
1763705792568 0.6513975155279503 8
1763705793396 0.6588509316770187 9
1763705794130 0.6725155279503106 10
1763705795045 0.6852484472049689 11
1763705795841 0.6855590062111802 12
1763705796564 0.6945652173913043 13
1763705797444 0.6972049689440993 14
1763705798207 0.7024844720496894 15
1763705799070 0.709472049689441 16
1763705800037 0.7046583850931678 17
1763705800717 0.7097826086956521 18
1763705801495 0.7166149068322981 19
1763705786656 0.507919254658385 0
