1763705786662 0.23809523809523808 0
1763705787252 0.03389830508474576 1
1763705787909 0.03389830508474576 2
1763705788628 0.0 3
1763705789346 0.0 4
1763705790089 0.0 5
1763705790870 0.06666666666666667 6
1763705791643 0.12307692307692308 7
1763705792574 0.15151515151515152 8
1763705793402 0.19718309859154928 9
1763705794143 0.22857142857142856 10
1763705795053 0.2028985507246377 11
1763705795848 0.273972602739726 12
1763705796575 0.35443037974683544 13
1763705797457 0.36585365853658536 14
1763705798223 0.379746835443038 15
1763705799084 0.38961038961038963 16
1763705800044 0.4 17
1763705800724 0.4235294117647059 18
1763705801504 0.41975308641975306 19
1763705786662 0.23809523809523808 0
