1763705786665 0.6942200685540835 0
1763705787255 0.6357866264879704 1
1763705787916 0.6102796122431755 2
1763705788633 0.5770495211084684 3
1763705789352 0.549541341761748 4
1763705790093 0.5542284107456604 5
1763705790875 0.5283223142226537 6
1763705791649 0.5510832493503889 7
1763705792577 0.535971554617087 8
1763705793405 0.5578925926238298 9
1763705794149 0.5299932484825453 10
1763705795056 0.516114259759585 11
1763705795853 0.5263299408058325 12
1763705796582 0.5183572967847189 13
1763705797463 0.5020149660607179 14
1763705798230 0.44808762334287167 15
1763705799090 0.4443195587955415 16
1763705800048 0.46508135832846165 17
1763705800728 0.47470233713587123 18
1763705801508 0.4407662109782298 19
1763705786665 0.6942200685540835 0
