1763705680634 0.6257309941520468 0
1763705681288 0.6666666666666666 1
1763705682003 0.6783625730994152 2
1763705682676 0.672514619883041 3
1763705683457 0.672514619883041 4
1763705684136 0.6783625730994152 5
1763705684866 0.6842105263157895 6
1763705685559 0.6842105263157895 7
1763705686301 0.6842105263157895 8
1763705687069 0.672514619883041 9
1763705687996 0.672514619883041 10
1763705688787 0.6900584795321637 11
1763705689656 0.7134502923976608 12
1763705690363 0.7134502923976608 13
1763705691128 0.7251461988304093 14
1763705691995 0.7192982456140351 15
1763705692796 0.7134502923976608 16
1763705693527 0.7192982456140351 17
1763705694293 0.7368421052631579 18
1763705695004 0.7426900584795322 19
1763705680634 0.6257309941520468 0
