1763705680631 0.5464285714285715 0
1763705681285 0.5624223602484472 1
1763705682000 0.5804347826086957 2
1763705682671 0.5945652173913043 3
1763705683453 0.5972049689440994 4
1763705684132 0.6173913043478261 5
1763705684862 0.6296583850931676 6
1763705685553 0.6468944099378882 7
1763705686296 0.6576086956521738 8
1763705687064 0.6683229813664596 9
1763705687991 0.6858695652173913 10
1763705688785 0.68027950310559 11
1763705689652 0.687111801242236 12
1763705690359 0.6906832298136646 13
1763705691122 0.7024844720496894 14
1763705691989 0.7088509316770186 15
1763705692789 0.7150621118012421 16
1763705693524 0.7131987577639751 17
1763705694288 0.7158385093167702 18
1763705694996 0.7141304347826087 19
1763705680631 0.5464285714285715 0
