1763705680636 0.3191489361702128 0
1763705681292 0.03389830508474576 1
1763705682006 0.03508771929824561 2
1763705682682 0.0 3
1763705683459 0.0 4
1763705684142 0.03508771929824561 5
1763705684870 0.06896551724137931 6
1763705685565 0.06896551724137931 7
1763705686304 0.1 8
1763705687073 0.15151515151515152 9
1763705688002 0.15151515151515152 10
1763705688790 0.2318840579710145 11
1763705689660 0.3287671232876712 12
1763705690367 0.3287671232876712 13
1763705691134 0.4050632911392405 14
1763705692000 0.3684210526315789 15
1763705692803 0.36363636363636365 16
1763705693531 0.3684210526315789 17
1763705694299 0.4155844155844156 18
1763705695012 0.4358974358974359 19
1763705680636 0.3191489361702128 0
