1763705680639 0.699752372999986 0
1763705681296 0.5989979555209478 1
1763705682010 0.5880261746545633 2
1763705682686 0.5668566649158796 3
1763705683461 0.5792863629758358 4
1763705684147 0.5673645858963331 5
1763705684875 0.5335423772533735 6
1763705685572 0.562007005016009 7
1763705686309 0.5282859442134699 8
1763705687078 0.5339034236967564 9
1763705688008 0.5319480871160825 10
1763705688795 0.5120446675767502 11
1763705689663 0.5227309626837572 12
1763705690372 0.47899943714340526 13
1763705691140 0.4767728733519713 14
1763705692006 0.503454631815354 15
1763705692809 0.4565570168197155 16
1763705693534 0.4166477182880044 17
1763705694304 0.4646743523577849 18
1763705695018 0.4457489848136902 19
1763705680639 0.699752372999986 0
