1763705457494 0.672514619883041 0
1763705458121 0.672514619883041 1
1763705458709 0.672514619883041 2
1763705459279 0.672514619883041 3
1763705459830 0.672514619883041 4
1763705460555 0.672514619883041 5
1763705461260 0.672514619883041 6
1763705461923 0.672514619883041 7
1763705462778 0.672514619883041 8
1763705463503 0.6783625730994152 9
1763705464188 0.695906432748538 10
1763705464918 0.7017543859649122 11
1763705465589 0.7017543859649122 12
1763705466301 0.7076023391812866 13
1763705467058 0.7192982456140351 14
1763705467857 0.7251461988304093 15
1763705468568 0.7309941520467836 16
1763705469233 0.7309941520467836 17
1763705470015 0.7309941520467836 18
1763705470678 0.7309941520467836 19
1763705457494 0.672514619883041 0
