1763705457491 0.48183229813664596 0
1763705458118 0.5091614906832298 1
1763705458706 0.5277950310559006 2
1763705459275 0.5364906832298136 3
1763705459827 0.5756211180124223 4
1763705460552 0.5712732919254658 5
1763705461256 0.5914596273291925 6
1763705461920 0.5984472049689441 7
1763705462775 0.5843167701863354 8
1763705463500 0.5888198757763975 9
1763705464183 0.5964285714285714 10
1763705464914 0.6180124223602484 11
1763705465583 0.6330745341614906 12
1763705466297 0.6399068322981366 13
1763705467047 0.6506211180124224 14
1763705467850 0.6602484472049689 15
1763705468564 0.6641304347826087 16
1763705469228 0.6711180124223602 17
1763705470011 0.6745341614906831 18
1763705470673 0.6729813664596273 19
1763705457491 0.48183229813664596 0
