1763705457498 0.0 0
1763705458124 0.0 1
1763705458712 0.0 2
1763705459282 0.0 3
1763705459832 0.0 4
1763705460557 0.0 5
1763705461264 0.0 6
1763705461925 0.0 7
1763705462781 0.0 8
1763705463507 0.06779661016949153 9
1763705464191 0.1875 10
1763705464922 0.2153846153846154 11
1763705465593 0.2153846153846154 12
1763705466306 0.2647058823529412 13
1763705467065 0.3333333333333333 14
1763705467863 0.3380281690140845 15
1763705468571 0.39473684210526316 16
1763705469240 0.425 17
1763705470019 0.39473684210526316 18
1763705470683 0.41025641025641024 19
1763705457498 0.0 0
