1763705457502 0.6570715258518854 0
1763705458127 0.6260694613059362 1
1763705458715 0.6190069317817688 2
1763705459288 0.6005449419220289 3
1763705459835 0.6251254081726074 4
1763705460560 0.5741669672230879 5
1763705461268 0.5783917891482512 6
1763705461929 0.5323362927883863 7
1763705462784 0.5694619789719582 8
1763705463511 0.5675757067898909 9
1763705464195 0.5366963632404804 10
1763705464925 0.5353585183620453 11
1763705465598 0.5182901546359062 12
1763705466311 0.5121741034090519 13
1763705467075 0.4862731235722701 14
1763705467869 0.481950256973505 15
1763705468573 0.45321280136704445 16
1763705469245 0.439143655821681 17
1763705470023 0.42853410231570405 18
1763705470689 0.4648642021541794 19
1763705457502 0.6570715258518854 0
