1763706424280 0.6666666666666666 0
1763706424941 0.672514619883041 1
1763706425541 0.6783625730994152 2
1763706426177 0.6783625730994152 3
1763706426892 0.6783625730994152 4
1763706427528 0.6783625730994152 5
1763706428181 0.6842105263157895 6
1763706428782 0.6842105263157895 7
1763706429548 0.6842105263157895 8
1763706430341 0.6900584795321637 9
1763706431022 0.695906432748538 10
1763706431870 0.695906432748538 11
1763706432533 0.7251461988304093 12
1763706433277 0.7368421052631579 13
1763706434038 0.7251461988304093 14
1763706434884 0.7485380116959064 15
1763706435609 0.7251461988304093 16
1763706436422 0.7309941520467836 17
1763706437113 0.7426900584795322 18
1763706437993 0.7426900584795322 19
1763706424280 0.6666666666666666 0
