1763706424275 0.4343167701863354 0
1763706424938 0.47204968944099374 1
1763706425538 0.5071428571428571 2
1763706426173 0.5391304347826087 3
1763706426889 0.5760869565217391 4
1763706427525 0.5975155279503106 5
1763706428177 0.6229813664596273 6
1763706428779 0.6422360248447205 7
1763706429543 0.6574534161490684 8
1763706430337 0.6810559006211181 9
1763706431018 0.6930124223602484 10
1763706431866 0.7062111801242236 11
1763706432529 0.7243788819875776 12
1763706433273 0.7257763975155279 13
1763706434032 0.7315217391304347 14
1763706434881 0.7554347826086957 15
1763706435603 0.7591614906832298 16
1763706436417 0.7717391304347826 17
1763706437109 0.7835403726708075 18
1763706437989 0.7944099378881987 19
1763706424275 0.4343167701863354 0
