1763706424283 0.0 0
1763706424945 0.0 1
1763706425544 0.03508771929824561 2
1763706426181 0.03508771929824561 3
1763706426895 0.03508771929824561 4
1763706427532 0.03508771929824561 5
1763706428185 0.06896551724137931 6
1763706428785 0.06896551724137931 7
1763706429551 0.06896551724137931 8
1763706430344 0.13114754098360656 9
1763706431025 0.16129032258064516 10
1763706431873 0.1875 11
1763706432537 0.3188405797101449 12
1763706433280 0.34782608695652173 13
1763706434043 0.29850746268656714 14
1763706434888 0.39436619718309857 15
1763706435615 0.3188405797101449 16
1763706436427 0.34285714285714286 17
1763706437117 0.3888888888888889 18
1763706437998 0.42105263157894735 19
1763706424283 0.0 0
