1763706424289 0.6454010456800461 0
1763706424948 0.597599716236194 1
1763706425546 0.5955160806576411 2
1763706426184 0.5923989911874136 3
1763706426898 0.5822845287621021 4
1763706427534 0.5476894490420818 5
1763706428188 0.5842225514352322 6
1763706428787 0.5539760577181975 7
1763706429554 0.5291671728094419 8
1763706430349 0.5406813286244869 9
1763706431028 0.5019209502885739 10
1763706431876 0.5272217877209187 11
1763706432541 0.5307890375455221 12
1763706433284 0.5075703971087933 13
1763706434048 0.4653633954003453 14
1763706434891 0.4542484109600385 15
1763706435619 0.4511142075061798 16
1763706436430 0.39152945453921956 17
1763706437121 0.38957314752042294 18
1763706438004 0.4033882562071085 19
1763706424289 0.6454010456800461 0
